FontDef: Rounded Axis (Capital)
do Output.create(35,0,18,18,63,0,18,63,0,18,0,0);
do Output.create(36,12,30,51,3,30,48,51,30,0,12,0);
do Output.create(39,12,12,2,0,0,0,0,0,0,0,0);
do Output.create(42,0,0,0,33,12,45,12,33,0,0,0);
do Output.create(43,0,0,0,12,8,47,4,12,0,0,0);
do Output.create(44,0,0,0,0,0,0,0,12,12,2,0);
do Output.create(65,30,63,51,51,63,63,51,51,18,0,0);
do Output.create(66,30,63,51,51,31,51,51,63,30,0,0);
do Output.create(67,30,63,35,3,3,3,35,63,30,0,0);
do Output.create(68,31,63,51,51,51,51,51,63,31,0,0);
do Output.create(69,30,63,3,3,63,3,3,63,30,0,0);
do Output.create(70,30,63,3,3,63,63,3,3,2,0,0);
do Output.create(71,30,63,3,3,3,59,51,63,30,0,0);
do Output.create(72,18,51,51,63,63,51,51,51,18,0,0);
do Output.create(73,3,3,3,3,3,3,3,3,3,0,0);
do Output.create(74,16,48,48,48,48,51,51,63,30,0,0);
do Output.create(75,50,59,27,31,15,31,59,59,50,0,0);
do Output.create(76,2,3,3,3,3,3,3,63,30,0,0);
do Output.create(77,33,51,63,63,51,51,51,51,18,0,0);
do Output.create(78,18,51,55,63,63,63,59,51,18,0,0);
do Output.create(79,30,63,51,51,51,51,51,63,30,0,0);
do Output.create(80,30,63,51,51,63,31,3,3,2,0,0);
do Output.create(81,30,63,51,51,51,51,51,127,126,0,0);
do Output.create(82,30,63,35,35,63,31,15,27,50,0,0);
do Output.create(83,30,63,3,7,14,28,56,63,30,0,0);
do Output.create(84,30,63,12,12,12,12,12,12,12,0,0);
do Output.create(85,18,51,51,51,51,51,51,63,30,0,0);
do Output.create(86,18,51,51,51,51,51,51,30,12,0,0);
do Output.create(87,18,51,51,51,51,63,63,51,18,0,0);
do Output.create(88,33,51,63,30,12,30,63,51,33,0,0);
do Output.create(89,18,51,51,30,12,12,12,12,12,0,0);
do Output.create(90,30,63,48,24,12,6,3,63,30,0,0);